[
  {
    "id": 0,
    "img_name": "r_0",
    "width": 800,
    "height": 800,
    "position": [
      1.8872671624370712,
      -0.0005844927065062779,
      0.8677357825220576
    ],
    "rotation": [
      [
        0.0,
        0.42261826174069944,
        -0.9063077870366499
      ],
      [
        1.0,
        -0.0,
        0.0
      ],
      [
        -0.0,
        -0.9063077870366499,
        -0.42261826174069944
      ]
    ],
    "fx": 857.8027682038233,
    "fy": 857.8027682038233
  },
  {
    "id": 1,
    "img_name": "r_1",
    "width": 800,
    "height": 800,
    "position": [
      1.858444037882351,
      0.3288653284829493,
      0.8677357825220576
    ],
    "rotation": [
      [
        -0.1736481776669303,
        0.4161977407267834,
        -0.8925389352890299
      ],
      [
        0.984807753012208,
        0.07338689100003823,
        -0.15737869562426263
      ],
      [
        0.0,
        -0.9063077870366498,
        -0.42261826174069944
      ]
    ],
    "fx": 857.8027682038233,
    "fy": 857.8027682038233
  },
  {
    "id": 2,
    "img_name": "r_2",
    "width": 800,
    "height": 800,
    "position": [
      1.772850440272581,
      0.6483049835652168,
      0.8677357825220576
    ],
    "rotation": [
      [
        -0.3420201433256687,
        0.39713126196710286,
        -0.8516507396391465
      ],
      [
        0.9396926207859084,
        0.144543958452599,
        -0.30997551921944466
      ],
      [
        0.0,
        -0.9063077870366499,
        -0.42261826174069944
      ]
    ],
    "fx": 857.8027682038233,
    "fy": 857.8027682038233
  },
  {
    "id": 3,
    "img_name": "r_3",
    "width": 800,
    "height": 800,
    "position": [
      1.633087087758684,
      0.9480284602648862,
      0.8677357825220576
    ],
    "rotation": [
      [
        -0.49999999999999994,
        0.36599815077066683,
        -0.7848855672213958
      ],
      [
        0.8660254037844387,
        0.2113091308703497,
        -0.4531538935183249
      ],
      [
        0.0,
        -0.9063077870366499,
        -0.42261826174069944
      ]
    ],
    "fx": 857.8027682038233,
    "fy": 857.8027682038233
  },
  {
    "id": 4,
    "img_name": "r_4",
    "width": 800,
    "height": 800,
    "position": [
      1.4434006190831254,
      1.2189288124098356,
      0.8677357825220576
    ],
    "rotation": [
      [
        -0.6427876096865393,
        0.3237443709670647,
        -0.694272044014884
      ],
      [
        0.7660444431189781,
        0.27165378227418446,
        -0.5825634160695854
      ],
      [
        0.0,
        -0.90630778703665,
        -0.42261826174069955
      ]
    ],
    "fx": 857.8027682038233,
    "fy": 857.8027682038233
  },
  {
    "id": 5,
    "img_name": "r_5",
    "width": 800,
    "height": 800,
    "position": [
      1.209554561610628,
      1.4527748698823333,
      0.8677357825220576
    ],
    "rotation": [
      [
        -0.7660444431189779,
        0.2716537822741844,
        -0.5825634160695854
      ],
      [
        0.6427876096865393,
        0.32374437096706454,
        -0.6942720440148838
      ],
      [
        0.0,
        -0.9063077870366498,
        -0.42261826174069944
      ]
    ],
    "fx": 857.8027682038233,
    "fy": 857.8027682038233
  },
  {
    "id": 6,
    "img_name": "r_6",
    "width": 800,
    "height": 800,
    "position": [
      0.9386542094656788,
      1.6424613385578917,
      0.8677357825220576
    ],
    "rotation": [
      [
        -0.8660254037844385,
        0.21130913087034978,
        -0.4531538935183251
      ],
      [
        0.5000000000000001,
        0.3659981507706667,
        -0.7848855672213957
      ],
      [
        0.0,
        -0.9063077870366498,
        -0.42261826174069944
      ]
    ],
    "fx": 857.8027682038233,
    "fy": 857.8027682038233
  },
  {
    "id": 7,
    "img_name": "r_7",
    "width": 800,
    "height": 800,
    "position": [
      0.6389307327660092,
      1.7822246910717887,
      0.8677357825220576
    ],
    "rotation": [
      [
        -0.9396926207859084,
        0.14454395845259907,
        -0.3099755192194448
      ],
      [
        0.3420201433256688,
        0.39713126196710297,
        -0.8516507396391465
      ],
      [
        0.0,
        -0.90630778703665,
        -0.42261826174069955
      ]
    ],
    "fx": 857.8027682038233,
    "fy": 857.8027682038233
  },
  {
    "id": 8,
    "img_name": "r_8",
    "width": 800,
    "height": 800,
    "position": [
      0.3194910776837417,
      1.8678182886815589,
      0.8677357825220576
    ],
    "rotation": [
      [
        -0.984807753012208,
        0.07338689100003827,
        -0.1573786956242627
      ],
      [
        0.17364817766693041,
        0.4161977407267834,
        -0.8925389352890299
      ],
      [
        0.0,
        -0.9063077870366498,
        -0.42261826174069944
      ]
    ],
    "fx": 857.8027682038233,
    "fy": 857.8027682038233
  },
  {
    "id": 9,
    "img_name": "r_9",
    "width": 800,
    "height": 800,
    "position": [
      -0.009958743505713932,
      1.896641413236279,
      0.8677357825220576
    ],
    "rotation": [
      [
        -1.0,
        2.5890132423004218e-17,
        -5.552156815404145e-17
      ],
      [
        6.126127232734041e-17,
        0.42261826174069944,
        -0.9063077870366499
      ],
      [
        0.0,
        -0.9063077870366499,
        -0.42261826174069944
      ]
    ],
    "fx": 857.8027682038233,
    "fy": 857.8027682038233
  },
  {
    "id": 10,
    "img_name": "r_10",
    "width": 800,
    "height": 800,
    "position": [
      -0.3394085646951696,
      1.8678182886815589,
      0.8677357825220576
    ],
    "rotation": [
      [
        -0.9848077530122081,
        -0.07338689100003823,
        0.1573786956242626
      ],
      [
        -0.1736481776669303,
        0.41619774072678345,
        -0.8925389352890299
      ],
      [
        0.0,
        -0.9063077870366499,
        -0.42261826174069944
      ]
    ],
    "fx": 857.8027682038233,
    "fy": 857.8027682038233
  },
  {
    "id": 11,
    "img_name": "r_11",
    "width": 800,
    "height": 800,
    "position": [
      -0.6588482197774367,
      1.782224691071789,
      0.8677357825220576
    ],
    "rotation": [
      [
        -0.9396926207859084,
        -0.14454395845259893,
        0.3099755192194445
      ],
      [
        -0.3420201433256685,
        0.39713126196710297,
        -0.8516507396391466
      ],
      [
        0.0,
        -0.9063077870366499,
        -0.42261826174069955
      ]
    ],
    "fx": 857.8027682038233,
    "fy": 857.8027682038233
  },
  {
    "id": 12,
    "img_name": "r_12",
    "width": 800,
    "height": 800,
    "position": [
      -0.9585716964771063,
      1.642461338557892,
      0.8677357825220576
    ],
    "rotation": [
      [
        -0.8660254037844387,
        -0.21130913087034964,
        0.4531538935183248
      ],
      [
        -0.49999999999999983,
        0.36599815077066683,
        -0.7848855672213958
      ],
      [
        0.0,
        -0.9063077870366498,
        -0.42261826174069944
      ]
    ],
    "fx": 857.8027682038233,
    "fy": 857.8027682038233
  },
  {
    "id": 13,
    "img_name": "r_13",
    "width": 800,
    "height": 800,
    "position": [
      -1.229472048622056,
      1.4527748698823333,
      0.8677357825220576
    ],
    "rotation": [
      [
        -0.7660444431189779,
        -0.2716537822741844,
        0.5825634160695854
      ],
      [
        -0.6427876096865393,
        0.32374437096706454,
        -0.6942720440148838
      ],
      [
        0.0,
        -0.9063077870366498,
        -0.42261826174069944
      ]
    ],
    "fx": 857.8027682038233,
    "fy": 857.8027682038233
  },
  {
    "id": 14,
    "img_name": "r_14",
    "width": 800,
    "height": 800,
    "position": [
      -1.4633181060945533,
      1.218928812409836,
      0.8677357825220576
    ],
    "rotation": [
      [
        -0.6427876096865395,
        -0.32374437096706454,
        0.6942720440148837
      ],
      [
        -0.7660444431189779,
        0.27165378227418446,
        -0.5825634160695855
      ],
      [
        0.0,
        -0.9063077870366499,
        -0.42261826174069944
      ]
    ],
    "fx": 857.8027682038233,
    "fy": 857.8027682038233
  },
  {
    "id": 15,
    "img_name": "r_15",
    "width": 800,
    "height": 800,
    "position": [
      -1.6530045747701116,
      0.948028460264887,
      0.8677357825220576
    ],
    "rotation": [
      [
        -0.5000000000000003,
        -0.3659981507706667,
        0.7848855672213956
      ],
      [
        -0.8660254037844384,
        0.21130913087034986,
        -0.45315389351832525
      ],
      [
        0.0,
        -0.9063077870366498,
        -0.42261826174069944
      ]
    ],
    "fx": 857.8027682038233,
    "fy": 857.8027682038233
  },
  {
    "id": 16,
    "img_name": "r_16",
    "width": 800,
    "height": 800,
    "position": [
      -1.792767927284009,
      0.648304983565217,
      0.8677357825220576
    ],
    "rotation": [
      [
        -0.3420201433256689,
        -0.3971312619671029,
        0.8516507396391465
      ],
      [
        -0.9396926207859083,
        0.1445439584525991,
        -0.30997551921944483
      ],
      [
        0.0,
        -0.9063077870366499,
        -0.42261826174069955
      ]
    ],
    "fx": 857.8027682038233,
    "fy": 857.8027682038233
  },
  {
    "id": 17,
    "img_name": "r_17",
    "width": 800,
    "height": 800,
    "position": [
      -1.878361524893779,
      0.3288653284829492,
      0.8677357825220576
    ],
    "rotation": [
      [
        -0.17364817766693025,
        -0.4161977407267834,
        0.8925389352890299
      ],
      [
        -0.984807753012208,
        0.0733868910000382,
        -0.15737869562426257
      ],
      [
        0.0,
        -0.9063077870366498,
        -0.42261826174069944
      ]
    ],
    "fx": 857.8027682038233,
    "fy": 857.8027682038233
  },
  {
    "id": 18,
    "img_name": "r_18",
    "width": 800,
    "height": 800,
    "position": [
      -1.9071846494484992,
      -0.0005844927065060455,
      0.8677357825220576
    ],
    "rotation": [
      [
        -1.2246539794542024e-16,
        -0.42261826174069944,
        0.9063077870366499
      ],
      [
        -1.0,
        5.175611360307653e-17,
        -1.1099134380047651e-16
      ],
      [
        0.0,
        -0.9063077870366499,
        -0.42261826174069944
      ]
    ],
    "fx": 857.8027682038233,
    "fy": 857.8027682038233
  },
  {
    "id": 19,
    "img_name": "r_19",
    "width": 800,
    "height": 800,
    "position": [
      -1.8783615248937793,
      -0.33003431389596133,
      0.8677357825220576
    ],
    "rotation": [
      [
        0.17364817766693003,
        -0.41619774072678345,
        0.89253893528903
      ],
      [
        -0.9848077530122081,
        -0.07338689100003812,
        0.15737869562426238
      ],
      [
        0.0,
        -0.9063077870366499,
        -0.42261826174069944
      ]
    ],
    "fx": 857.8027682038233,
    "fy": 857.8027682038233
  },
  {
    "id": 20,
    "img_name": "r_20",
    "width": 800,
    "height": 800,
    "position": [
      -1.7927679272840091,
      -0.6494739689782293,
      0.8677357825220576
    ],
    "rotation": [
      [
        0.34202014332566866,
        -0.39713126196710286,
        0.8516507396391465
      ],
      [
        -0.9396926207859084,
        -0.144543958452599,
        0.3099755192194446
      ],
      [
        0.0,
        -0.9063077870366499,
        -0.42261826174069944
      ]
    ],
    "fx": 857.8027682038233,
    "fy": 857.8027682038233
  },
  {
    "id": 21,
    "img_name": "r_21",
    "width": 800,
    "height": 800,
    "position": [
      -1.6530045747701119,
      -0.9491974456778991,
      0.8677357825220576
    ],
    "rotation": [
      [
        0.5000000000000001,
        -0.3659981507706667,
        0.7848855672213957
      ],
      [
        -0.8660254037844385,
        -0.21130913087034978,
        0.4531538935183251
      ],
      [
        0.0,
        -0.9063077870366498,
        -0.42261826174069944
      ]
    ],
    "fx": 857.8027682038233,
    "fy": 857.8027682038233
  },
  {
    "id": 22,
    "img_name": "r_22",
    "width": 800,
    "height": 800,
    "position": [
      -1.4633181060945541,
      -1.2200977978228473,
      0.8677357825220576
    ],
    "rotation": [
      [
        0.6427876096865389,
        -0.32374437096706477,
        0.6942720440148842
      ],
      [
        -0.7660444431189785,
        -0.27165378227418424,
        0.582563416069585
      ],
      [
        0.0,
        -0.90630778703665,
        -0.42261826174069944
      ]
    ],
    "fx": 857.8027682038233,
    "fy": 857.8027682038233
  },
  {
    "id": 23,
    "img_name": "r_23",
    "width": 800,
    "height": 800,
    "position": [
      -1.2294720486220563,
      -1.4539438552953454,
      0.8677357825220576
    ],
    "rotation": [
      [
        0.7660444431189779,
        -0.27165378227418446,
        0.5825634160695855
      ],
      [
        -0.6427876096865395,
        -0.32374437096706454,
        0.6942720440148837
      ],
      [
        0.0,
        -0.9063077870366499,
        -0.42261826174069944
      ]
    ],
    "fx": 857.8027682038233,
    "fy": 857.8027682038233
  },
  {
    "id": 24,
    "img_name": "r_24",
    "width": 800,
    "height": 800,
    "position": [
      -0.9585716964771075,
      -1.6436303239709036,
      0.8677357825220576
    ],
    "rotation": [
      [
        0.8660254037844383,
        -0.21130913087034991,
        0.45315389351832536
      ],
      [
        -0.5000000000000004,
        -0.36599815077066666,
        0.7848855672213955
      ],
      [
        0.0,
        -0.9063077870366497,
        -0.42261826174069944
      ]
    ],
    "fx": 857.8027682038233,
    "fy": 857.8027682038233
  },
  {
    "id": 25,
    "img_name": "r_25",
    "width": 800,
    "height": 800,
    "position": [
      -0.6588482197774368,
      -1.7833936764848013,
      0.8677357825220576
    ],
    "rotation": [
      [
        0.9396926207859084,
        -0.14454395845259896,
        0.30997551921944455
      ],
      [
        -0.34202014332566855,
        -0.39713126196710297,
        0.8516507396391466
      ],
      [
        0.0,
        -0.9063077870366499,
        -0.42261826174069955
      ]
    ],
    "fx": 857.8027682038233,
    "fy": 857.8027682038233
  },
  {
    "id": 26,
    "img_name": "r_26",
    "width": 800,
    "height": 800,
    "position": [
      -0.33940856469516967,
      -1.8689872740945712,
      0.8677357825220576
    ],
    "rotation": [
      [
        0.984807753012208,
        -0.07338689100003823,
        0.15737869562426263
      ],
      [
        -0.1736481776669303,
        -0.4161977407267834,
        0.8925389352890299
      ],
      [
        0.0,
        -0.9063077870366498,
        -0.42261826174069944
      ]
    ],
    "fx": 857.8027682038233,
    "fy": 857.8027682038233
  },
  {
    "id": 27,
    "img_name": "r_27",
    "width": 800,
    "height": 800,
    "position": [
      -0.009958743505714397,
      -1.8978103986492914,
      0.8677357825220576
    ],
    "rotation": [
      [
        1.0,
        -7.767039726901263e-17,
        1.6656470446212432e-16
      ],
      [
        -1.837838169820212e-16,
        -0.42261826174069944,
        0.9063077870366499
      ],
      [
        0.0,
        -0.9063077870366499,
        -0.42261826174069944
      ]
    ],
    "fx": 857.8027682038233,
    "fy": 857.8027682038233
  },
  {
    "id": 28,
    "img_name": "r_28",
    "width": 800,
    "height": 800,
    "position": [
      0.31949107768374085,
      -1.8689872740945714,
      0.8677357825220576
    ],
    "rotation": [
      [
        0.9848077530122081,
        0.07338689100003809,
        -0.15737869562426232
      ],
      [
        0.17364817766692997,
        -0.41619774072678345,
        0.89253893528903
      ],
      [
        -0.0,
        -0.9063077870366499,
        -0.42261826174069944
      ]
    ],
    "fx": 857.8027682038233,
    "fy": 857.8027682038233
  },
  {
    "id": 29,
    "img_name": "r_29",
    "width": 800,
    "height": 800,
    "position": [
      0.6389307327660095,
      -1.783393676484801,
      0.8677357825220576
    ],
    "rotation": [
      [
        0.9396926207859083,
        0.14454395845259913,
        -0.3099755192194449
      ],
      [
        0.342020143325669,
        -0.3971312619671028,
        0.8516507396391464
      ],
      [
        -0.0,
        -0.9063077870366499,
        -0.42261826174069944
      ]
    ],
    "fx": 857.8027682038233,
    "fy": 857.8027682038233
  },
  {
    "id": 30,
    "img_name": "r_30",
    "width": 800,
    "height": 800,
    "position": [
      0.9386542094656773,
      -1.643630323970905,
      0.8677357825220576
    ],
    "rotation": [
      [
        0.866025403784439,
        0.21130913087034944,
        -0.45315389351832436
      ],
      [
        0.49999999999999933,
        -0.365998150770667,
        0.7848855672213961
      ],
      [
        -0.0,
        -0.9063077870366499,
        -0.42261826174069944
      ]
    ],
    "fx": 857.8027682038233,
    "fy": 857.8027682038233
  },
  {
    "id": 31,
    "img_name": "r_31",
    "width": 800,
    "height": 800,
    "position": [
      1.2095545616106278,
      -1.4539438552953459,
      0.8677357825220576
    ],
    "rotation": [
      [
        0.7660444431189781,
        0.27165378227418435,
        -0.5825634160695853
      ],
      [
        0.6427876096865391,
        -0.32374437096706465,
        0.694272044014884
      ],
      [
        -0.0,
        -0.9063077870366499,
        -0.42261826174069944
      ]
    ],
    "fx": 857.8027682038233,
    "fy": 857.8027682038233
  },
  {
    "id": 32,
    "img_name": "r_32",
    "width": 800,
    "height": 800,
    "position": [
      1.443400619083125,
      -1.2200977978228487,
      0.8677357825220576
    ],
    "rotation": [
      [
        0.6427876096865396,
        0.3237443709670645,
        -0.6942720440148836
      ],
      [
        0.7660444431189778,
        -0.2716537822741845,
        0.5825634160695856
      ],
      [
        -0.0,
        -0.90630778703665,
        -0.42261826174069944
      ]
    ],
    "fx": 857.8027682038233,
    "fy": 857.8027682038233
  },
  {
    "id": 33,
    "img_name": "r_33",
    "width": 800,
    "height": 800,
    "position": [
      1.6330870877586843,
      -0.9491974456778982,
      0.8677357825220576
    ],
    "rotation": [
      [
        0.4999999999999996,
        0.365998150770667,
        -0.7848855672213961
      ],
      [
        0.8660254037844388,
        -0.2113091308703496,
        0.45315389351832475
      ],
      [
        -0.0,
        -0.90630778703665,
        -0.42261826174069955
      ]
    ],
    "fx": 857.8027682038233,
    "fy": 857.8027682038233
  },
  {
    "id": 34,
    "img_name": "r_34",
    "width": 800,
    "height": 800,
    "position": [
      1.772850440272581,
      -0.6494739689782292,
      0.8677357825220576
    ],
    "rotation": [
      [
        0.3420201433256686,
        0.39713126196710286,
        -0.8516507396391465
      ],
      [
        0.9396926207859084,
        -0.14454395845259896,
        0.30997551921944455
      ],
      [
        -0.0,
        -0.9063077870366498,
        -0.42261826174069944
      ]
    ],
    "fx": 857.8027682038233,
    "fy": 857.8027682038233
  },
  {
    "id": 35,
    "img_name": "r_35",
    "width": 800,
    "height": 800,
    "position": [
      1.858444037882351,
      -0.330034313895962,
      0.8677357825220576
    ],
    "rotation": [
      [
        0.17364817766693036,
        0.4161977407267834,
        -0.8925389352890299
      ],
      [
        0.984807753012208,
        -0.07338689100003826,
        0.15737869562426268
      ],
      [
        -0.0,
        -0.9063077870366498,
        -0.42261826174069944
      ]
    ],
    "fx": 857.8027682038233,
    "fy": 857.8027682038233
  }
]